レース	馬番	馬名	前半3F
1	1		40.2
1	2		39.9
1	3		40.1
1	4		39.2
1	5		39.1
2	1		38.1
2	2		38.4
2	3		38.1
2	4		38.9
2	5		40.6
2	6		39.0
2	7		38.9
2	8		38.5
3	1		38.4
3	2		38.1
3	3		38.3
3	4		40.1
3	5		38.9
3	7		40.4
3	8		40.2
3	9		38.3
3	10		38.3
4	1		39.5
4	2		41.2
4	3		38.8
4	4		41.5
4	5		40.5
4	6		38.5
4	7		39.1
4	8		41.2
4	9		38.4
4	10		40.9
4	11		39.0
5	1		38.2
5	2		39.4
5	3		38.2
5	4		38.5
5	5		38.4
5	6		38.2
5	7		40.6
5	9		38.3
5	10		38.2
6	1		37.3
6	4		37.7
6	5		38.5
6	6		38.5
6	7		37.5
6	8		37.4
6	9		39.3
6	10		39.4
6	11		37.9
6	12		38.6
7	1		37.1
7	2		37.5
7	3		38.0
7	4		37.6
7	5		37.7
7	7		38.2
7	8		37.9
7	9		38.5
7	10		37.1
7	11		39.8
8	1		40.6
8	2		40.0
8	3		39.6
8	4		37.8
8	5		37.8
8	6		40.7
8	7		37.2
8	8		38.9
8	9		37.3
9	1		41.1
9	2		39.0
9	3		38.5
9	4		38.8
9	5		38.8
9	6		39.1
9	7		38.6
9	8		39.5
10	1		38.5
10	2		38.8
10	3		39.7
10	4		38.4
10	5		39.0
10	6		38.8
10	7		39.3
10	8		38.6
11	1		38.0
11	2		37.4
11	3		38.2
11	4		37.9
11	6		37.4
11	7		37.1
12	1		38.4
12	2		38.6
12	3		38.1
12	4		40.7
12	5		39.4
12	6		40.2
12	7		38.2
12	8		39.7
12	9		39.8
12	10		38.8
12	11		38.7
12	12		38.4
