レース	馬番	馬名	前半3F
1	1		41.6
1	2		40.9
1	3		40.4
1	4		42.1
1	5		40.9
1	6		40.6
1	7		41.0
1	8		40.3
1	9		41.6
2	1		41.4
2	2		40.9
2	3		40.0
2	5		40.1
2	6		41.5
2	7		41.1
2	8		40.0
2	9		40.5
2	10		40.9
3	1		41.8
3	2		42.1
3	3		41.6
3	4		42.8
3	5		42.4
3	7		42.9
3	8		42.5
3	9		41.8
3	10		42.2
4	1		40.4
4	2		40.5
4	3		40.7
4	4		39.0
4	5		39.1
4	6		39.2
4	7		41.1
4	8		41.0
4	9		41.2
4	10		40.1
5	1		39.3
5	2		39.6
5	3		41.3
5	4		41.3
5	5		41.1
5	6		41.6
5	7		39.0
5	8		40.2
5	9		39.4
5	10		40.0
5	11		39.6
6	1		39.1
6	2		40.0
6	3		39.5
6	4		40.4
6	5		40.4
6	6		39.7
6	7		39.8
6	8		41.0
6	9		39.3
6	10		39.5
6	11		40.2
6	12		40.0
7	1		39.1
7	2		38.6
7	3		39.5
7	4		39.5
7	5		39.7
7	6		39.5
7	7		39.0
7	8		39.9
7	9		39.2
7	10		39.1
7	11		39.9
8	1		40.9
8	2		40.3
8	3		40.8
8	5		40.8
8	6		40.2
8	7		40.5
8	8		41.1
8	9		40.0
9	1		37.5
9	2		38.3
9	3		39.4
9	4		39.1
9	5		39.2
9	6		38.6
9	7		39.4
9	8		38.2
9	9		38.1
9	10		37.6
9	11		38.4
10	1		41.5
10	2		40.7
10	3		41.4
10	4		39.6
10	5		40.9
10	6		39.8
10	7		40.1
10	8		41.8
10	9		40.7
10	10		39.4
10	11		39.5
